tweet_id,favorites,retweets
892420643555336193,35930,7630
892177421306343426,31000,5643
891815181378084864,23319,3740
891689557279858688,39213,7800
891327558926688256,37457,8395
891087950875897856,18880,2819
890971913173991426,10964,1835
890729181411237888,60511,17030
890609185150312448,25965,3878
890240255349198849,29667,6632
890006608113172480,28561,6619
889880896479866881,25985,4496
889665388333682689,44718,9022
889638837579907072,25169,4045
889531135344209921,14102,2038
889278841981685760,23459,4818
888917238123831296,27103,4060
888804989199671297,23803,3826
888554962724278272,18372,3141
888078434458587136,20282,3137
887705289381826560,28169,4879
887517139158093824,43205,10641
887473957103951883,64009,16262
887343217045368832,31350,9467
887101392804085760,28520,5396
886983233522544640,32497,6932
886736880519319552,11156,2902
886680336477933568,20931,4044
886366144734445568,19677,2861
886267009285017600,111,4
886258384151887873,26060,5711
886054160059072513,0,100
885984800019947520,30348,6075
885528943205470208,33455,5777
885518971528720385,19067,3378
885311592912609280,0,16722
885167619883638784,20369,3946
884925521741709313,71722,16328
884876753390489601,25912,5038
884562892145688576,22642,4251
884441805382717440,25244,5145
884247878851493888,67562,18358
884162670584377345,18994,2709
883838122936631299,20351,3098
883482846933004288,42660,8925
883360690899218434,21112,3345
883117836046086144,34574,6007
882992080364220416,22254,3513
882762694511734784,26311,4417
882627270321602560,26070,5493
882268110199369728,41740,10466
882045870035918850,27306,4411
881906580714921986,22672,3076
881666595344535552,47194,9648
881633300179243008,116,7
881536004380872706,46082,14460
881268444196462592,21645,4781
880935762899988482,15938,2532
880872448815771648,19824,3467
880465832366813184,26524,5625
880221127280381952,25119,3773
880095782870896641,25730,3928
879862464715927552,20845,3164
879674319642796034,292,10
879492040517615616,21889,2892
879415818425184262,98594,40263
879376492567855104,15673,2834
879130579576475649,0,6164
879050749262655488,21008,4261
879008229531029506,17727,2427
878776093423087618,18068,3708
878604707211726852,28088,6414
878404777348136964,0,1164
878316110768087041,0,6025
878281511006478336,7210,1164
878057613040115712,39253,6164
877736472329191424,73939,17175
877611172832227328,0,72
877556246731214848,21175,3450
877316821321428993,25571,4722
877201837425926144,25288,5055
876838120628539392,19309,3029
876537666061221889,22108,4265
876484053909872640,17534,2149
876120275196170240,26134,4241
875747767867523072,23491,3883
875144289856114688,20497,4458
875097192612077568,25636,5525
875021211251597312,23841,4287
874680097055178752,25994,4212
874434818259525634,0,13220
874296783580663808,24351,3745
874057562936811520,21259,3629
874012996292530176,32050,9331
873580283840344065,22671,3592
873337748698140672,0,1449
873213775632977920,6703,1449
872967104147763200,25508,4941
872820683541237760,13805,3398
872620804844003328,19424,3331
872486979161796608,38215,8260
872122724285648897,32147,7389
871879754684805121,35258,10029
871762521631449091,18966,3194
871515927908634625,18937,3186
871166179821445120,0,5236
871102520638267392,19646,5041
871032628920680449,21358,3505
870804317367881728,31608,5683
870726314365509632,114,3
870656317836468226,11597,2412
870374049280663552,78088,24343
870308999962521604,20611,3807
870063196459192321,34353,7636
869772420881756160,40067,9325
869702957897576449,26558,5800
869596645499047938,15032,2877
869227993411051520,19244,3477
868880397819494401,61651,13301
868639477480148993,0,1916
868622495443632128,25142,4887
868552278524837888,9499,1916
867900495410671616,22858,3857
867774946302451713,32070,6789
867421006826221569,15188,2303
867072653475098625,0,110
867051520902168576,30459,7299
866720684873056260,18917,4444
866686824827068416,18219,3233
866450705531457537,115644,32642
866334964761202691,49554,13220
866094527597207552,0,7778
865718153858494464,24304,5220
865359393868664832,25057,4647
865006731092295680,26565,7155
864873206498414592,30590,8083
864279568663928832,13819,2811
864197398364647424,28423,8235
863907417377173506,19547,3849
863553081350529029,14497,3908
863471782782697472,0,2266
863432100342583297,22580,4888
863427515083354112,2089,89
863079547188785154,8344,1036
863062471531167744,8028,2266
862831371563274240,18247,4810
862722525377298433,16257,3305
862457590147678208,19444,4609
862096992088072192,70582,21632
861383897657036800,34337,10020
861288531465048066,16342,3874
861005113778896900,15908,3573
860981674716409858,0,2011
860924035999428608,0,748
860563773140209665,7134,2011
860524505164394496,22550,4984
860276583193509888,17518,3294
860184849394610176,15909,5485
860177593139703809,0,29071
859924526012018688,18700,3861
859851578198683649,14739,3305
859607811541651456,17808,1473
859196978902773760,85874,28394
859074603037188101,32333,12837
858860390427611136,0,7655
858843525470990336,14921,3285
858471635011153920,20595,4589
858107933456039936,15095,2741
857989990357356544,15423,2454
857746408056729600,32859,10067
857393404942143489,5642,1556
857263160327368704,19258,4287
857214891891077121,215,17
857062103051644929,0,161
857029823797047296,18105,3773
856543823941562368,15702,2740
856526610513747968,11412,1784
856330835276025856,0,636
856288084350160898,494,15
856282028240666624,26727,5991
855862651834028034,324,24
855860136149123072,4738,933
855857698524602368,11457,2011
855851453814013952,44177,17216
855818117272018944,25722,5182
855459453768019968,28757,7860
855245323840757760,0,5690
855138241867124737,0,43
854732716440526848,22003,5803
854482394044301312,28328,6570
854365224396361728,18284,4503
854120357044912130,31001,7161
854010172552949760,15731,3023
853760880890318849,27710,5520
853639147608842240,33626,9655
853299958564483072,15038,3432
852936405516943360,0,1922
852912242202992640,8771,1744
852672615818899456,14493,2079
852553447878664193,15856,3346
852311364735569921,32265,9603
852226086759018497,19475,6621
852189679701164033,11165,1539
851861385021730816,0,19
851591660324737024,15869,3359
851464819735769094,23682,6836
851224888060895234,20203,5565
850753642995093505,30088,8837
850380195714523136,12804,2528
850333567704068097,3380,319
850145622816686080,15970,3688
850019790995546112,19951,4732
849776966551130114,29752,7372
849668094696017920,0,4813
849412302885593088,15529,3072
849336543269576704,11187,1848
849051919805034497,41475,8242
848690551926992896,24694,4214
848324959059550208,24212,4506
848213670039564288,8021,710
848212111729840128,16015,2959
847978865427394560,0,3171
847971574464610304,0,422
847962785489326080,23091,4944
847842811428974592,5335,1295
847617282490613760,6855,402
847606175596138505,18448,3350
847251039262605312,20151,4221
847157206088847362,19559,5728
847116187444137987,21105,3111
846874817362120707,19760,3843
846514051647705089,43882,11274
846505985330044928,13869,3004
846153765933735936,31087,8843
846139713627017216,30583,9819
846042936437604353,15717,2801
845812042753855489,28772,8512
845677943972139009,24824,4702
845397057150107648,7513,1764
845306882940190720,23002,5279
845098359547420673,0,7500
844979544864018432,13445,2507
844973813909606400,14860,3124
844580511645339650,16253,3059
844223788422217728,13482,2159
843981021012017153,14988,2898
843856843873095681,21175,4545
843604394117681152,16679,2694
843235543001513987,21259,5917
842846295480000512,15104,3580
842765311967449089,6654,1257
842535590457499648,17903,3453
842163532590374912,24151,5690
842115215311396866,13829,2988
841833993020538882,0,14825
841680585030541313,25473,7695
841439858740625411,12517,3628
841320156043304961,19613,5422
841314665196081154,15677,4581
841077006473256960,22630,5236
840761248237133825,0,1743
840728873075638272,0,15875
840698636975636481,173,2
840696689258311684,12179,962
840632337062862849,8915,1743
840370681858686976,16308,4491
840268004936019968,19092,5646
839990271299457024,13308,2246
839549326359670784,27235,7655
839290600511926273,0,141
839239871831150596,26907,6446
838952994649550848,19513,3947
838921590096166913,11052,2038
838916489579200512,0,35
838831947270979586,0,10885
838561493054533637,10870,1322
838476387338051585,22337,4718
838201503651401729,0,9941
838150277551247360,1663,328
838085839343206401,138,1
838083903487373313,17500,3098
837820167694528512,33870,7778
837482249356513284,3831,440
837471256429613056,12694,2254
837110210464448512,15958,2343
836989968035819520,12691,2275
836753516572119041,19234,4603
836677758902222849,12554,2204
836648853927522308,0,554
836397794269200385,0,27272
836380477523124226,14685,2967
836260088725786625,21209,4267
836001077879255040,18996,4220
835685285446955009,0,8066
835574547218894849,17715,3592
835536468978302976,0,1687
835309094223372289,0,20767
835297930240217089,16400,2987
835264098648616962,7699,1687
835246439529840640,2088,73
835172783151792128,26059,5727
835152434251116546,22319,2992
834931633769889797,10754,1626
834786237630337024,21289,5456
834574053763584002,13601,2516
834477809192075265,0,10570
834458053273591808,9574,1672
834209720923721728,20493,4721
834167344700198914,15766,3641
834089966724603904,10015,2120
834086379323871233,13028,2193
833863086058651648,13387,2397
833826103416520705,18017,3751
833732339549220864,0,221
833722901757046785,20762,3205
833479644947025920,14807,2043
833124694597443584,20142,4813
832998151111966721,13225,2194
832769181346996225,0,39
832757312314028032,16834,3605
832682457690300417,11845,2898
832645525019123713,2914,530
832636094638288896,15814,2771
832397543355072512,11941,2212
832369877331693569,17162,3171
832273440279240704,11333,2333
832215909146226688,0,6185
832215726631055365,0,9287
832088576586297345,62,2
832040443403784192,0,9592
832032802820481025,17830,4641
831939777352105988,23940,6112
831926988323639298,334,34
831911600680497154,27570,6482
831670449226514432,10417,1809
831650051525054464,7120,1922
831552930092285952,8966,2309
831322785565769729,9268,1545
831315979191906304,6533,1124
831309418084069378,11749,2461
831262627380748289,11897,2038
830956169170665475,7962,1495
830583320585068544,66776,16722
830173239259324417,0,5671
830097400375152640,9785,2929
829878982036299777,0,5003
829861396166877184,12226,1938
829501995190984704,31721,10570
829449946868879360,10466,2016
829141528400556032,24383,7329
829011960981237760,53157,16289
828801551087042563,0,3420
828770345708580865,25587,5856
828708714936930305,36510,11167
828650029636317184,9497,1345
828409743546925057,6347,1164
828408677031882754,7679,1290
828381636999917570,12584,2214
828376505180889089,7377,1070
828372645993398273,12578,2935
828361771580813312,2195,172
828046555563323392,11743,2877
828011680017821696,10356,2149
827933404142436356,20107,5248
827653905312006145,15520,3021
827600520311402496,7452,944
827324948884643840,15861,3046
827199976799354881,10583,2220
826958653328592898,21604,5003
826848821049180160,36396,10167
826615380357632002,0,3991
826598799820865537,5130,251
826598365270007810,10073,2340
826476773533745153,18436,4197
826240494070030336,13324,2615
826204788643753985,4893,926
826115272272650244,15679,3119
825876512159186944,10513,1871
825829644528148480,12771,2493
825535076884762624,57015,17597
825147591692263424,18337,4557
825120256414846976,0,1257
825026590719483904,6317,1257
824796380199809024,0,5508
824775126675836928,14945,3525
824663926340194305,10554,1781
824325613288833024,11876,10558
824297048279236611,15101,3871
824025158776213504,4844,603
823939628516474880,10661,2717
823719002937630720,0,11230
823699002998870016,14031,2532
823581115634085888,13073,2629
823333489516937216,703,25
823322678127919110,15786,4037
823269594223824897,0,9920
822975315408461824,17388,3464
822872901745569793,132126,43410
822859134160621569,13314,2285
822647212903690241,0,6427
822610361945911296,14881,2969
822489057087389700,18247,6427
822462944365645825,28144,14365
822244816520155136,35096,9920
822163064745328640,0,4788
821886076407029760,11367,2317
821813639212650496,0,3372
821765923262631936,8448,1666
821522889702862852,8063,1767
821421320206483457,0,5616
821407182352777218,11820,4350
821153421864615936,257,10
821149554670182400,8681,1991
821107785811234820,9650,2145
821044531881721856,12730,2298
820837357901512704,0,6768
820749716845686786,31725,9941
820690176645140481,12277,3248
820494788566847489,0,567
820446719150292993,0,2582
820314633777061888,3365,567
820078625395449857,19933,6323
820013781606658049,0,1181
819952236453363712,5360,1181
819924195358416896,12985,4913
819711362133872643,13453,3131
819588359383371776,9700,2003
819347104292290561,7259,1214
819238181065359361,2280,410
819227688460238848,23212,6768
819015337530290176,0,37108
819015331746349057,0,19084
819006400881917954,45609,19084
819004803107983360,87515,37108
818646164899774465,0,21152
818627210458333184,22561,7590
818614493328580609,9913,2582
818588835076603904,0,6190
818536468981415936,10981,2474
818307523543449600,0,8152
818259473185828864,11099,2284
818145370475810820,12358,2591
817908911860748288,4891,810
817827839487737858,52031,27272
817777686764523521,10829,2714
817536400337801217,11855,2986
817502432452313088,0,3416
817423860136083457,34090,14825
817415592588222464,5642,955
817181837579653120,0,8526
817171292965273600,8835,2040
817120970343411712,12319,2619
817056546584727552,8667,1657
816829038950027264,0,4752
816816676327063552,10084,2060
816697700272001025,9872,2212
816450570814898180,30670,8152
816336735214911488,8671,1958
816091915477250048,9014,2165
816062466425819140,0,1029
816014286006976512,0,5312
815990720817401858,4985,1029
815966073409433600,22609,8526
815745968457060357,0,4167
815736392542261248,9926,2280
815639385530101762,8304,1668
815390420867969024,10451,3836
814986499976527872,7730,1288
814638523311648768,11376,2723
814578408554463233,0,5901
814530161257443328,8723,1881
814153002265309185,29022,8766
813944609378369540,0,3221
813910438903693312,9387,1884
813812741911748608,36763,14128
813800681631023104,8395,1781
813217897535406080,18826,7369
813202720496779264,9328,1833
813187593374461952,20076,4407
813172488309972993,9364,1949
813157409116065792,7858,2233
813142292504645637,8560,2408
813130366689148928,4512,452
813127251579564032,11962,3167
813112105746448384,10403,2775
813096984823349248,10676,3664
813081950185472002,9996,2813
813066809284972545,8035,1978
813051746834595840,21196,7451
812781120811126785,7651,1923
812709060537683968,6678,1448
812503143955202048,6143,1235
812466873996607488,8051,1953
812372279581671427,13796,3700
811985624773361665,7343,1422
811744202451197953,7632,1619
811647686436880384,5676,751
811627233043480576,12908,3116
811386762094317568,21155,6462
810984652412424192,5393,1456
810896069567610880,9116,1794
810657578271330305,11092,2681
810284430598270976,35659,11436
810254108431155201,14871,3420
809920764300447744,15723,3991
809808892968534016,0,4951
809448704142938112,7014,1484
809220051211603969,20154,5671
809084759137812480,13402,3573
808838249661788160,10235,3079
808733504066486276,7999,2192
808501579447930884,11447,2636
808344865868283904,43068,21152
808134635716833280,0,6014
808106460588765185,8899,2234
808001312164028416,12686,3586
807621403335917568,14768,3673
807106840509214720,119675,56113
807059379405148160,0,7451
807010152071229440,13243,3918
806629075125202948,75620,35099
806620845233815552,0,5608
806576416489959424,4955,1974
806542213899489280,10344,2389
806242860592926720,0,11789
806219024703037440,6518,1213
805958939288408065,0,5442
805932879469572096,8383,1951
805826884734976000,6652,1854
805823200554876929,0,8134
805520635690676224,5830,1680
805487436403003392,8906,2556
805207613751304193,7933,1745
804738756058218496,13873,3863
804475857670639616,6214,2037
804413760345620481,0,3278
804026241225523202,45049,16375
803773340896923648,10187,2780
803692223237865472,0,7539
803638050916102144,11080,4201
803380650405482500,7874,1893
803321560782307329,0,5401
803276597545603072,10160,2491
802952499103731712,9132,2036
802624713319034886,0,2955
802600418706604034,7199,1489
802572683846291456,9050,2548
802323869084381190,16421,5913
802265048156610565,6855,1397
802239329049477120,9197,2662
802185808107208704,0,276
801958328846974976,7859,1741
801854953262350336,1806,240
801538201127157760,8334,2103
801285448605831168,6135,833
801167903437357056,24777,6014
801127390143516673,0,4005
801115127852503040,8177,2128
800859414831898624,695,98
800855607700029440,0,1633
800751577355128832,10699,2836
800513324630806528,13275,3033
800459316964663297,9634,2201
800443802682937345,0,4384
800388270626521089,11295,2851
800188575492947969,0,4004
800141422401830912,15480,2582
800018252395122689,28747,13353
799774291445383169,0,4758
799757965289017345,8506,2200
799422933579902976,8172,1955
799308762079035393,0,5549
799297110730567681,10026,2802
799063482566066176,8176,2502
798933969379225600,13265,4531
798925684722855936,7603,1462
798705661114773508,0,6739
798701998996647937,0,7904
798697898615730177,0,6619
798694562394996736,0,5036
798686750113755136,0,2369
798682547630837760,0,4790
798673117451325440,0,5624
798665375516884993,0,3969
798644042770751489,0,1881
798628517273620480,0,2007
798585098161549313,0,5782
798576900688019456,0,5930
798340744599797760,0,3389
798209839306514432,10554,2606
797971864723324932,11740,3156
797545162159308800,14737,4940
797236660651966464,20222,6674
797165961484890113,227,26
796904159865868288,0,9052
796865951799083009,7797,1950
796759840936919040,11986,3072
796563435802726400,0,7383
796484825502875648,7670,1782
796387464403357696,11140,4206
796177847564038144,0,14466
796149749086875649,32651,14466
796125600683540480,5026,1832
796116448414461957,9215,2451
796080075804475393,8575,2344
796031486298386433,10942,3763
795464331001561088,50208,23958
795400264262053889,10199,2916
795076730285391872,16401,5508
794983741416415232,0,3420
794926597468000259,10364,2334
794355576146903043,0,10444
794332329137291264,9705,2721
794205286408003585,9345,3371
793962221541933056,17035,4951
793845145112371200,9346,1896
793614319594401792,0,3179
793601777308463104,8088,1645
793500921481273345,10797,2408
793286476301799424,24890,9287
793271401113350145,8811,2426
793256262322548741,20219,8457
793241302385262592,10643,3346
793226087023144960,9959,2914
793210959003287553,9038,2837
793195938047070209,15481,5706
793180763617361921,7028,2030
793165685325201412,9529,2829
793150605191548928,6259,1723
793135492858580992,6508,2533
793120401413079041,12823,3975
792913359805018113,14523,4035
792883833364439040,11450,4332
792773781206999040,7444,1699
792394556390137856,13623,4348
792050063153438720,7238,1826
791821351946420224,0,21380
791784077045166082,0,9713
791780927877898241,0,3877
791774931465953280,45693,22477
791672322847637504,11896,3179
791406955684368384,13304,4167
791312159183634433,8900,2570
791026214425268224,0,4160
790987426131050500,9935,2166
790946055508652032,16844,4752
790723298204217344,0,2344
790698755171364864,8323,1950
790581949425475584,20894,7241
790337589677002753,7929,1908
790277117346975746,12722,3221
790227638568808452,0,3620
789986466051088384,9371,2344
789960241177853952,0,4173
789903600034189313,10470,4192
789628658055020548,7582,1791
789599242079838210,6857,1952
789530877013393408,11875,3420
789314372632018944,8761,2323
789280767834746880,0,5005
789268448748703744,9218,2637
789137962068021249,9834,2828
788908386943430656,27751,12634
788765914992902144,27650,10444
788552643979468800,0,7268
788412144018661376,15727,5334
788178268662984705,7308,2121
788150585577050112,6193,1303
788070120937619456,0,3468
788039637453406209,6202,1338
787810552592695296,8723,3087
787717603741622272,10373,2808
787397959788929025,11022,2879
787322443945877504,7865,1762
787111942498508800,0,6833
786963064373534720,26927,8066
786729988674449408,0,2451
786709082849828864,18434,6185
786664955043049472,10716,2589
786595970293370880,9552,3156
786363235746385920,11003,3545
786286427768250368,8055,2875
786233965241827333,15419,4788
786051337297522688,1437,156
786036967502913536,0,7089
785927819176054784,11511,3226
785872687017132033,6764,1832
785639753186217984,7929,2263
785533386513321988,9221,2018
785515384317313025,6184,1277
785264754247995392,7332,1652
785170936622350336,12160,4883
784826020293709826,10207,3278
784517518371221505,9062,2563
784431430411685888,5763,1283
784183165795655680,20265,8134
784057939640352768,30047,11230
783839966405230592,30333,10885
783821107061198850,7426,1996
783695101801398276,10562,3248
783466772167098368,8543,2272
783391753726550016,17044,5530
783347506784731136,0,5601
783334639985389568,29410,11789
783085703974514689,8223,2222
782969140009107456,24334,7451
782747134529531904,7535,1422
782722598790725632,17423,5442
782598640137187329,7865,1888
782305867769217024,16791,5616
782021823840026624,0,6255
781955203444699136,11220,3401
781661882474196992,10512,2737
781655249211752448,4025,1140
781524693396357120,20907,5608
781308096455073793,7199,2572
781251288990355457,8513,2094
781163403222056960,9892,2768
780931614150983680,21800,7383
780858289093574656,7244,2031
780800785462489090,5526,1312
780601303617732608,12207,3372
780543529827336192,6353,1754
780496263422808064,0,3716
780476555013349377,0,114
780459368902959104,5342,1085
780192070812196864,8777,2253
780092040432480260,0,2313
780074436359819264,12270,5009
779834332596887552,19039,7089
779377524342161408,8860,3129
779124354206535695,0,18411
779056095788752897,14862,4568
778990705243029504,20108,7246
778774459159379968,0,9958
778764940568104960,873,365
778748913645780993,6938,1321
778650543019483137,5810,1509
778624900596654080,4666,1014
778408200802557953,13709,4353
778396591732486144,0,12306
778383385161035776,5880,1108
778286810187399168,10432,3312
778039087836069888,8563,2662
778027034220126208,6588,1624
777953400541634568,0,3549
777885040357281792,6380,1636
777684233540206592,11291,2955
777641927919427584,0,4247
777621514455814149,8792,2513
777189768882946048,14358,4326
776819012571455488,0,13755
776813020089548800,4909,1212
776477788987613185,8872,2796
776249906839351296,0,9179
776218204058357768,30052,15953
776201521193218049,9668,2529
776113305656188928,11832,4384
776088319444877312,1854,151
775898661951791106,0,16597
775842724423557120,11764,2667
775733305207554048,13940,4005
775729183532220416,13059,4621
775364825476165632,7441,2986
775350846108426240,10212,3927
775085132600442880,15623,4758
774757898236878852,8644,1794
774639387460112384,6764,1740
774314403806253056,21870,5549
773985732834758656,10772,3877
773922284943896577,6430,1755
773704687002451968,6630,1635
773670353721753600,5377,1314
773547596996571136,22198,6190
773336787167145985,0,5097
773308824254029826,23398,7500
773247561583001600,9508,3265
773191612633579521,10044,4149
772877495989305348,8590,3889
772826264096874500,8096,2357
772615324260794368,0,3391
772581559778025472,6526,1701
772193107915964416,6064,1396
772152991789019136,3816,1134
772117678702071809,3794,743
772114945936949249,2737,470
772102971039580160,4013,946
771908950375665664,6614,1909
771770456517009408,12047,3389
771500966810099713,8290,2620
771380798096281600,10515,5097
771171053431250945,0,7480
771136648247640064,9187,2931
771102124360998913,6261,1447
771014301343748096,6886,1665
770787852854652928,4936,1203
770772759874076672,5184,1419
770655142660169732,7362,1772
770414278348247044,6342,2102
770293558247038976,6264,1479
770093767776997377,0,3059
770069151037685760,7617,2305
769940425801170949,31420,9592
769695466921623552,6432,1688
769335591808995329,0,7747
769212283578875904,5406,1725
768970937022709760,14389,6525
768909767477751808,0,2676
768855141948723200,4209,891
768609597686943744,4132,1205
768596291618299904,5047,1287
768554158521745409,0,5858
768473857036525572,13653,3435
768193404517830656,10887,3549
767884188863397888,4747,1384
767754930266464257,16031,5401
767500508068192258,7514,2341
767191397493538821,12337,3766
767122157629476866,10195,2860
766864461642756096,0,5636
766793450729734144,5078,1356
766714921925144576,2616,378
766693177336135680,4017,796
766423258543644672,6006,1592
766313316352462849,6806,1889
766078092750233600,0,2626
766069199026450432,4230,853
766008592277377025,3741,497
765719909049503744,7242,2154
765669560888528897,5197,1221
765395769549590528,26645,3386
765371061932261376,7078,2166
765222098633691136,11635,3391
764857477905154048,6457,1777
764259802650378240,6017,1499
763956972077010945,760,54
763837565564780549,12588,4160
763183847194451968,5387,1470
763167063695355904,0,3015
763103485927849985,7361,2295
762699858130116608,12141,3620
762471784394268675,11219,6408
762464539388485633,10304,4173
762316489655476224,4808,1124
762035686371364864,31859,15534
761976711479193600,5403,2006
761750502866649088,0,3914
761745352076779520,4270,862
761672994376806400,49487,29071
761599872357261312,4119,1189
761371037149827077,0,18043
761334018830917632,5193,1450
761292947749015552,4488,1086
761227390836215808,5323,1562
761004547850530816,11319,3468
760893934457552897,3815,975
760656994973933572,6586,1906
760641137271070720,4979,1294
760539183865880579,7558,3614
760521673607086080,4215,1384
760290219849637889,26754,11467
760252756032651264,3944,867
760190180481531904,5688,1800
760153949710192640,0,31
759943073749200896,5945,2077
759923798737051648,14662,5636
759846353224826880,6726,1965
759793422261743616,5951,1904
759557299618865152,4686,1180
759447681597108224,8474,2451
759446261539934208,1671,486
759197388317847553,6072,1943
759159934323924993,0,1153
759099523532779520,14485,4160
759047813560868866,6474,2004
758854675097526272,3546,893
758828659922702336,11200,3821
758740312047005698,5723,1609
758474966123810816,3797,996
758467244762497024,4775,2206
758405701903519748,5206,1906
758355060040593408,3393,1066
758099635764359168,19027,9958
758041019896193024,2697,373
757741869644341248,6867,3235
757729163776290825,0,7902
757725642876129280,4537,1205
757611664640446465,4559,1104
757597904299253760,0,299
757596066325864448,4323,1051
757400162377592832,15093,6834
757393109802180609,5799,1725
757354760399941633,4504,1413
756998049151549440,6268,1979
756939218950160384,6635,2001
756651752796094464,5035,1297
756526248105566208,10381,3564
756303284449767430,3918,1089
756288534030475264,43860,17653
756275833623502848,6389,1523
755955933503782912,7302,2867
755206590534418437,16386,5339
755110668769038337,21141,11042
754874841593970688,0,7874
754856583969079297,6885,2506
754747087846248448,2583,516
754482103782404096,5272,1947
754449512966619136,3743,729
754120377874386944,7859,2352
753655901052166144,5821,2159
753420520834629632,7875,3552
753398408988139520,5735,1891
753375668877008896,7614,2313
753298634498793472,0,5677
753294487569522689,3361,1035
753039830821511168,36982,20767
753026973505581056,3913,960
752932432744185856,12591,6833
752917284578922496,6916,1568
752701944171524096,0,2837
752682090207055872,5984,1585
752660715232722944,4367,1548
752568224206688256,5477,2270
752519690950500352,7343,3425
752334515931054080,3802,1089
752309394570878976,0,16164
752173152931807232,5952,1826
751950017322246144,3046,907
751937170840121344,5175,1323
751830394383790080,5790,1935
751793661361422336,5803,2884
751598357617971201,7890,3025
751583847268179968,4375,1094
751538714308972544,5014,1255
751456908746354688,3200,994
751251247299190784,12452,5840
751205363882532864,6298,1801
751132876104687617,5048,1292
750868782890057730,4767,1350
750719632563142656,13120,5005
750506206503038976,4424,1135
750429297815552001,13118,4247
750383411068534784,4538,1143
750381685133418496,691,27
750147208377409536,3090,954
750132105863102464,3597,1288
750117059602808832,4311,1299
750101899009982464,3031,835
750086836815486976,2158,528
750071704093859840,7795,3308
750056684286914561,3147,892
750041628174217216,3163,609
750026558547456000,2709,787
750011400160841729,3235,903
749996283729883136,3058,809
749981277374128128,5097,2447
749774190421639168,4640,1308
749417653287129088,6083,1627
749403093750648834,2609,530
749395845976588288,8509,3411
749317047558017024,5476,2218
749075273010798592,5722,2057
749064354620928000,4782,1509
749036806121881602,3080,788
748977405889503236,10712,3372
748932637671223296,5781,2227
748705597323898880,2769,942
748699167502000129,4718,1572
748692773788876800,4226,1321
748575535303884801,6031,1957
748568946752774144,2190,665
748346686624440324,5191,1220
748337862848962560,7582,4066
748324050481647620,3663,751
748307329658011649,3645,704
748220828303695873,14042,7716
747963614829678593,5738,2120
747933425676525569,6556,2512
747885874273214464,2921,964
747844099428986880,2804,745
747816857231626240,4818,1148
747651430853525504,1375,153
747648653817413632,12796,5795
747600769478692864,2309,552
747594051852075008,3649,1047
747512671126323200,5498,1594
747461612269887489,3842,1032
747439450712596480,5376,1898
747242308580548608,0,2885
747219827526344708,5219,1550
747204161125646336,3352,915
747103485104099331,9493,3931
746906459439529985,2877,294
746872823977771008,5934,2111
746818907684614144,5284,1724
746790600704425984,4827,1587
746757706116112384,9507,3877
746726898085036033,6003,1778
746542875601690625,4998,1862
746521445350707200,0,976
746507379341139972,4622,1074
746369468511756288,6141,1615
746131877086527488,6859,2175
746056683365994496,3530,803
745789745784041472,3985,1056
745712589599014916,6950,2306
745433870967832576,7023,2510
745422732645535745,8496,2417
745314880350101504,7122,2725
745074613265149952,7767,3452
745057283344719872,7199,2236
744995568523612160,2947,609
744971049620602880,7809,2654
744709971296780288,5565,1547
744334592493166593,6727,2084
744234799360020481,154947,76988
744223424764059648,1649,358
743980027717509120,4130,1081
743895849529389061,3615,953
743835915802583040,0,2049
743609206067040256,4430,1367
743595368194129920,18188,6461
743545585370791937,3500,932
743510151680958465,7859,3699
743253157753532416,4190,1210
743222593470234624,6143,1890
743210557239623680,3800,1341
742534281772302336,7000,3528
742528092657332225,4368,1945
742465774154047488,7194,3877
742423170473463808,9723,3716
742385895052087300,6730,1944
742161199639494656,4296,1351
742150209887731712,5062,1527
741793263812808706,4498,1493
741743634094141440,8085,2715
741438259667034112,3643,819
741303864243200000,8690,3162
741099773336379392,9878,5446
741067306818797568,9419,3059
740995100998766593,6296,2701
740711788199743490,3365,924
740699697422163968,2819,772
740676976021798912,17981,6739
740373189193256964,34652,13156
740365076218183684,2435,426
740359016048689152,3264,853
740214038584557568,6614,1941
739979191639244800,19739,5858
739932936087216128,4009,1063
739844404073074688,3765,848
739623569819336705,3731,1333
739606147276148736,5331,1636
739544079319588864,39070,20963
739485634323156992,7069,2890
739238157791694849,114545,57195
738891149612572673,109,6
738885046782832640,3730,1128
738883359779196928,3266,782
738537504001953792,5022,1513
738402415918125056,3214,816
738184450748633089,4265,1197
738166403467907072,8667,3307
738156290900254721,2474,631
737826014890496000,5202,1742
737800304142471168,9876,3417
737678689543020544,4977,1292
737445876994609152,10126,4399
737322739594330112,3559,803
737310737551491075,14479,7308
736736130620620800,4200,1701
736392552031657984,17479,7268
736365877722001409,3918,1226
736225175608430592,8015,2740
736010884653420544,7793,2935
735991953473572864,3553,1133
735648611367784448,3984,1085
735635087207878657,6087,2319
735274964362878976,12854,4959
735256018284875776,3284,866
735137028879360001,3088,960
734912297295085568,2714,518
734787690684657664,12358,6190
734776360183431168,2468,530
734559631394082816,1462,391
733828123016450049,3530,768
733822306246479872,3620,1009
733482008106668032,3094,938
733460102733135873,4138,1263
733109485275860992,49545,16599
732732193018155009,2399,527
732726085725589504,3505,879
732585889486888962,3613,767
732375214819057664,7965,2475
732005617171337216,14690,5312
731285275100512256,3442,979
731156023742988288,3782,1248
730924654643314689,6060,1946
730573383004487680,4826,2100
730427201120833536,3439,1030
730211855403241472,3764,1040
730196704625098752,4771,1866
729854734790754305,3975,1105
729838605770891264,1699,378
729823566028484608,3919,1227
729463711119904772,5707,2281
729113531270991872,1848,319
728986383096946689,3098,809
728760639972315136,4608,1672
728751179681943552,2718,667
728653952833728512,3263,1019
728409960103686147,4843,1967
728387165835677696,3645,946
728046963732717569,4235,1179
728035342121635841,4502,1644
728015554473250816,4054,1088
727685679342333952,2920,634
727644517743104000,5788,1717
727524757080539137,4407,1200
727314416056803329,3285,727
727286334147182592,3008,798
727175381690781696,3856,1362
727155742655025152,3566,1308
726935089318363137,6768,2404
726887082820554753,3786,1501
726828223124897792,3509,989
726224900189511680,4362,1123
725842289046749185,6968,2626
725786712245440512,4110,1349
725729321944506368,5127,1754
725458796924002305,1393,607
724983749226668032,3677,1287
724771698126512129,2315,625
724405726123311104,5197,1625
724049859469295616,4260,1748
724046343203856385,2619,545
724004602748780546,4114,1519
723912936180330496,3828,1216
723688335806480385,7554,2886
723673163800948736,2963,873
723179728551723008,5225,1831
722974582966214656,4042,1536
722613351520608256,4888,1611
721503162398597120,4547,1809
721001180231503872,2493,601
720785406564900865,3069,754
720775346191278080,2421,650
720415127506415616,4061,1475
720389942216527872,6274,2462
720340705894408192,2821,962
720059472081784833,3802,1106
720043174954147842,4835,1972
719991154352222208,4765,1715
719704490224398336,4469,1404
719551379208073216,4967,1871
719367763014393856,2757,729
719339463458033665,4369,1210
719332531645071360,3380,931
718971898235854848,3432,1058
718939241951195136,5171,1729
718631497683582976,18596,7904
718613305783398402,2402,475
718540630683709445,2419,999
718460005985447936,2655,515
718454725339934721,4788,1487
718246886998687744,1878,492
718234618122661888,3808,975
717841801130979328,2415,594
717790033953034240,2836,1089
717537687239008257,5695,1824
717428917016076293,1590,440
717421804990701568,3114,827
717047459982213120,6196,1899
717009362452090881,3195,946
716802964044845056,4227,1151
716791146589110272,8039,1552
716730379797970944,1214,418
716447146686459905,12860,5767
716439118184652801,2342,205
716285507865542656,2727,1039
716080869887381504,6665,1866
715928423106027520,3142,863
715758151270801409,3663,1412
715733265223708672,4585,1660
715704790270025728,2748,558
715696743237730304,3853,1270
715680795826982913,4240,1587
715360349751484417,5392,1536
715342466308784130,2997,684
715220193576927233,2388,638
715200624753819648,5065,1850
715009755312439296,4090,1207
714982300363173890,3681,1015
714962719905021952,7240,4187
714957620017307648,4068,1391
714631576617938945,3227,980
714606013974974464,3577,911
714485234495041536,2645,1106
714258258790387713,2988,711
714251586676113411,3228,823
714214115368108032,2234,856
714141408463036416,4267,1374
713919462244790272,3246,779
713909862279876608,1867,529
713900603437621249,2793,730
713761197720473600,4787,1346
713411074226274305,4377,1280
713177543487135744,7115,2788
713175907180089344,4397,1452
712809025985978368,18788,6619
712717840512598017,12163,4898
712668654853337088,4123,1198
712438159032893441,5243,1540
712309440758808576,239,25
712097430750289920,3724,1015
712092745624633345,2902,873
712085617388212225,3226,478
712065007010385924,2234,611
711998809858043904,0,125
711968124745228288,7947,2263
711743778164514816,2797,972
711732680602345472,8710,4043
711694788429553666,32389,18043
711652651650457602,3802,899
711363825979756544,3599,1114
711306686208872448,3256,725
711008018775851008,2955,602
710997087345876993,4503,1367
710844581445812225,2511,677
710833117892898816,2648,522
710658690886586372,2275,552
710609963652087808,4734,2333
710588934686908417,4471,1836
710296729921429505,2344,726
710283270106132480,2119,516
710272297844797440,4473,1233
710269109699739648,2360,1101
710153181850935296,2862,877
710140971284037632,2717,867
710117014656950272,5412,1964
709918798883774466,3441,1072
709901256215666688,656,99
709852847387627521,3468,1185
709566166965075968,3499,1186
709556954897764353,3246,1055
709519240576036864,1475,234
709449600415961088,2192,562
709409458133323776,2583,670
709225125749587968,2382,566
709207347839836162,12350,5695
709198395643068416,2403,635
709179584944730112,1973,662
709158332880297985,2007,410
709042156699303936,4672,1604
708853462201716736,1778,651
708845821941387268,2939,887
708834316713893888,1662,493
708810915978854401,16244,6817
708738143638450176,2717,799
708711088997666817,2500,707
708479650088034305,2512,670
708469915515297792,3062,802
708400866336894977,15767,9901
708356463048204288,3533,1297
708349470027751425,2312,724
708149363256774660,4226,1533
708130923141795840,3336,840
708119489313951744,2659,968
708109389455101952,1918,543
708026248782585858,4337,1902
707995814724026368,3091,1109
707983188426153984,50,2
707969809498152960,2668,954
707776935007539200,3240,944
707741517457260545,2458,607
707738799544082433,4029,2423
707693576495472641,3355,976
707629649552134146,2542,859
707610948723478529,16754,6255
707420581654872064,2237,688
707411934438625280,2277,590
707387676719185920,3453,1266
707377100785885184,3236,1076
707315916783140866,2442,632
707297311098011648,2735,772
707059547140169728,2561,663
707038192327901184,2159,778
707021089608753152,4031,1338
707014260413456384,2286,589
706904523814649856,14392,7747
706901761596989440,2030,586
706681918348251136,3262,964
706644897839910912,2540,1075
706593038911545345,2128,625
706538006853918722,3436,1410
706516534877929472,3078,1023
706346369204748288,3404,911
706310011488698368,21032,7813
706291001778950144,1675,473
706265994973601792,2701,922
706169069255446529,3856,2176
706166467411222528,5096,1581
706153300320784384,1465,381
705975130514706432,3068,723
705970349788291072,3136,883
705898680587526145,2337,542
705786532653883392,1907,511
705591895322394625,3127,1134
705475953783398401,2919,895
705442520700944385,4374,1596
705428427625635840,3770,1659
705239209544720384,2971,741
705223444686888960,2556,789
705102439679201280,2116,512
705066031337840642,2157,614
704871453724954624,4226,1102
704859558691414016,2226,533
704847917308362754,5007,1506
704819833553219584,2613,973
704761120771465216,6560,2885
704499785726889984,2879,1002
704491224099647488,745,78
704480331685040129,3348,1057
704364645503647744,7894,3507
704347321748819968,1563,347
704134088924532736,1491,453
704113298707505153,1832,565
704054845121142784,2891,904
703774238772166656,1825,453
703769065844768768,3237,1131
703631701117943808,2547,673
703611486317502464,3794,1510
703425003149250560,3764,1351
703407252292673536,2412,688
703382836347330562,3476,1129
703356393781329922,1897,382
703268521220972544,1956,544
703079050210877440,7300,3036
703041949650034688,26031,12306
702932127499816960,2551,714
702899151802126337,1594,448
702684942141153280,3193,1064
702671118226825216,2177,550
702598099714314240,12101,3387
702539513671897089,2855,947
702332542343577600,3141,1526
702321140488925184,3242,1030
702276748847800320,2436,759
702217446468493312,4714,1324
701981390485725185,3414,979
701952816642965504,3800,1011
701889187134500865,3499,1371
701805642395348998,3379,1651
701601587219795968,2070,445
701570477911896070,2778,914
701545186879471618,2631,603
701214700881756160,12065,5036
700890391244103680,2194,559
700864154249383937,2568,612
700847567345688576,2428,498
700796979434098688,2414,928
700747788515020802,22554,9179
700518061187723268,2578,786
700505138482569216,2262,560
700462010979500032,4082,1767
700167517596164096,2602,722
700151421916807169,2216,663
700143752053182464,7453,2676
700062718104104960,2622,681
700029284593901568,2051,580
700002074055016451,3278,1322
699801817392291840,3028,939
699788877217865730,2207,504
699779630832685056,2706,1216
699775878809702401,1941,597
699691744225525762,10164,4546
699446877801091073,5880,2584
699434518667751424,2141,509
699423671849451520,1344,320
699413908797464576,2054,622
699370870310113280,1866,433
699323444782047232,3119,853
699088579889332224,2220,625
699079609774645248,2423,647
699072405256409088,2939,1181
699060279947165696,3706,1775
699036661657767936,2577,1186
698989035503689728,3308,964
698953797952008193,2648,891
698907974262222848,2507,618
698710712454139905,2434,674
698703483621523456,1433,373
698635131305795584,1279,336
698549713696649216,2293,617
698355670425473025,1829,443
698342080612007937,2247,942
698262614669991936,4705,1972
698195409219559425,16569,5901
698178924120031232,2780,731
697995514407682048,1499,330
697990423684476929,3245,1283
697943111201378304,2361,666
697881462549430272,2976,1160
697630435728322560,1723,534
697616773278015490,3119,999
697596423848730625,2978,1245
697575480820686848,2024,494
697516214579523584,2030,1097
697482927769255936,2387,662
697463031882764288,3380,1383
697270446429966336,4643,1847
697259378236399616,3261,991
697255105972801536,3004,1150
697242256848379904,2487,661
696900204696625153,3134,1006
696894894812565505,2320,673
696886256886657024,4799,1770
696877980375769088,2416,704
696754882863349760,1468,357
696744641916489729,2043,923
696713835009417216,2353,642
696518437233913856,3862,1693
696490539101908992,1200,140
696488710901260288,2491,1003
696405997980676096,3167,1142
696100768806522880,1905,643
695816827381944320,2988,1148
695794761660297217,3130,756
695767669421768709,1839,734
695629776980148225,4513,2064
695446424020918272,4343,1790
695409464418041856,8567,3522
695314793360662529,3592,1432
695095422348574720,2603,607
695074328191332352,2806,1081
695064344191721472,1584,583
695051054296211456,2630,782
694925794720792577,2664,909
694905863685980160,2721,926
694669722378485760,35388,14176
694356675654983680,1485,284
694352839993344000,2009,607
694342028726001664,1562,479
694329668942569472,1981,497
694206574471057408,4117,2011
694183373896572928,2927,917
694001791655137281,3364,1015
693993230313091072,1854,397
693942351086120961,1728,365
693647888581312512,2654,576
693644216740769793,1336,122
693642232151285760,2509,407
693629975228977152,2411,781
693622659251335168,1515,370
693590843962331137,4990,1932
693582294167244802,1626,242
693486665285931008,1755,627
693280720173801472,3316,1218
693267061318012928,2350,805
693262851218264065,2191,491
693231807727280129,2841,725
693155686491000832,7793,3168
693109034023534592,1693,602
693095443459342336,1834,452
692919143163629568,2650,742
692905862751522816,2402,856
692901601640583168,1745,593
692894228850999298,2240,786
692828166163931137,2835,872
692752401762250755,6747,3589
692568918515392513,4311,1514
692535307825213440,3129,1342
692530551048294401,1809,408
692423280028966913,1466,225
692417313023332352,9256,3416
692187005137076224,2503,809
692158366030913536,2126,778
692142790915014657,1630,388
692041934689402880,3376,1253
692017291282812928,2857,945
691820333922455552,3918,1636
691793053716221953,8048,4163
691756958957883396,2823,981
691675652215414786,1938,500
691483041324204033,2369,558
691459709405118465,4002,1124
691444869282295808,2621,841
691416866452082688,19099,7539
691321916024623104,2538,653
691096613310316544,2936,870
691090071332753408,1703,330
690989312272396288,5840,2831
690959652130045952,3539,1229
690938899477221376,4050,1923
690932576555528194,3249,1002
690735892932222976,3742,1251
690728923253055490,2157,509
690690673629138944,2308,808
690649993829576704,1289,274
690607260360429569,293,18
690597161306841088,1934,596
690400367696297985,1870,445
690374419777196032,3221,838
690360449368465409,2643,868
690348396616552449,1496,510
690248561355657216,1657,412
690021994562220032,2760,1015
690015576308211712,2466,724
690005060500217858,3625,1665
689999384604450816,1404,362
689993469801164801,1451,443
689977555533848577,1352,440
689905486972461056,2419,692
689877686181715968,3012,1148
689835978131935233,2151,739
689661964914655233,3189,917
689659372465688576,10268,3803
689623661272240129,2210,631
689599056876867584,11522,5443
689557536375177216,2021,451
689517482558820352,3363,1413
689289219123089408,2237,926
689283819090870273,3229,1088
689280876073582592,1959,698
689275259254616065,1135,242
689255633275777024,2529,1069
689154315265683456,3046,990
689143371370250240,2001,503
688916208532455424,2683,854
688908934925697024,2094,753
688898160958271489,2076,772
688894073864884227,2221,679
688828561667567616,1363,366
688804835492233216,956,191
688789766343622656,2199,654
688547210804498433,2565,688
688519176466644993,2296,717
688385280030670848,9183,4424
688211956440801280,2217,819
688179443353796608,2119,577
688116655151435777,2795,761
688064179421470721,1713,357
687841446767013888,5395,2470
687826841265172480,2714,1107
687818504314159109,2452,935
687807801670897665,2373,711
687732144991551489,1741,655
687704180304273409,2409,832
687664829264453632,1917,504
687494652870668288,1878,568
687480748861947905,1584,235
687476254459715584,1965,523
687460506001633280,2039,540
687399393394311168,1872,609
687317306314240000,19921,9053
687312378585812992,4310,1871
687127927494963200,5371,2239
687124485711986689,2152,499
687109925361856513,5729,2425
687102708889812993,2318,966
687096057537363968,2213,599
686947101016735744,8539,3150
686760001961103360,3481,1362
686749460672679938,3435,1437
686730991906516992,4095,1186
686683045143953408,2792,788
686618349602762752,3669,1349
686606069955735556,1870,538
686394059078897668,1723,682
686386521809772549,3225,868
686377065986265092,2181,557
686358356425093120,2161,660
686286779679375361,3960,1640
686050296934563840,2194,719
686035780142297088,1137,115
686034024800862208,3050,1128
686007916130873345,2457,405
686003207160610816,1805,615
685973236358713344,2076,514
685943807276412928,1612,584
685906723014619143,7427,2839
685681090388975616,2009,123
685667379192414208,2339,557
685663452032069632,3193,1435
685641971164143616,2908,766
685547936038666240,32559,15408
685532292383666176,3001,1143
685325112850124800,9351,3914
685321586178670592,2624,628
685315239903100929,3276,1029
685307451701334016,2049,438
685268753634967552,3062,1185
685198997565345792,2316,660
685169283572338688,4062,1408
684969860808454144,2367,363
684959798585110529,6752,3078
684940049151070208,3181,1035
684926975086034944,3454,456
684914660081053696,3479,1431
684902183876321280,1853,520
684880619965411328,2064,799
684830982659280897,34631,21380
684800227459624960,2710,989
684594889858887680,8809,3458
684588130326986752,4074,1388
684567543613382656,2982,1193
684538444857667585,2622,937
684481074559381504,3843,1155
684460069371654144,1954,556
684241637099323392,8036,3233
684225744407494656,1213,206
684222868335505415,3773,1351
684200372118904832,2125,1021
684195085588783105,1883,503
684188786104872960,3457,1158
684177701129875456,1994,657
684147889187209216,2953,1496
684122891630342144,1984,463
684097758874210310,4068,1412
683857920510050305,3763,1108
683852578183077888,1914,340
683849932751646720,2577,951
683834909291606017,2595,1096
683828599284170753,2766,1052
683773439333797890,3308,1330
683742671509258241,6399,3249
683515932363329536,7250,2837
683498322573824003,3138,951
683481228088049664,2631,985
683462770029932544,2401,663
683449695444799489,3845,1581
683391852557561860,7552,2369
683357973142474752,2871,902
683142553609318400,2838,1029
683111407806746624,3365,895
683098815881154561,2142,647
683078886620553216,1968,552
683030066213818368,2143,729
682962037429899265,36383,16300
682808988178739200,1759,166
682788441537560576,2447,1093
682750546109968385,1502,429
682697186228989953,1304,355
682662431982772225,3024,1064
682638830361513985,2056,589
682429480204398592,3400,1136
682406705142087680,7467,1743
682393905736888321,2210,658
682389078323662849,1637,451
682303737705140231,3020,957
682259524040966145,4082,1183
682242692827447297,3206,1143
682088079302213632,18019,9713
682059653698686977,4877,1655
682047327939461121,3160,922
682032003584274432,6492,1971
682003177596559360,3085,1495
681981167097122816,2779,1019
681891461017812993,2444,803
681694085539872773,12649,4004
681679526984871937,1749,432
681654059175129088,2609,912
681610798867845120,1880,459
681579835668455424,3507,1281
681523177663676416,14111,5677
681340665377193984,1629,275
681339448655802368,9174,4030
681320187870711809,2611,730
681302363064414209,3888,1788
681297372102656000,3175,940
681281657291280384,3195,1087
681261549936340994,1439,267
681242418453299201,1468,523
681231109724700672,2379,477
681193455364796417,3652,1459
680970795137544192,2393,645
680959110691590145,4530,1974
680940246314430465,3166,1033
680934982542561280,2066,428
680913438424612864,2373,612
680889648562991104,1740,357
680836378243002368,3418,1298
680805554198020098,2130,655
680801747103793152,2352,806
680798457301471234,2815,1013
680609293079592961,2598,688
680583894916304897,3575,1311
680497766108381184,4183,1876
680494726643068929,1698,478
680473011644985345,2511,735
680440374763077632,1426,493
680221482581123072,1449,290
680206703334408192,2796,1146
680191257256136705,2113,491
680176173301628928,3845,1523
680161097740095489,2295,723
680145970311643136,3562,1708
680130881361686529,2257,926
680115823365742593,2679,888
680100725817409536,3523,1348
680085611152338944,12646,8838
680070545539371008,2548,846
679877062409191424,1961,640
679872969355714560,2157,652
679862121895714818,2416,604
679854723806179328,2811,1205
679844490799091713,2333,747
679828447187857408,35723,13755
679777920601223168,3052,1081
679736210798047232,2064,776
679729593985699840,2136,809
679722016581222400,1637,459
679530280114372609,4724,2045
679527802031484928,2599,710
679511351870550016,3305,1244
679503373272485890,3126,1438
679475951516934144,2064,626
679462823135686656,31046,18410
679405845277462528,2333,1176
679158373988876288,20913,7874
679148763231985668,2730,1007
679132435750195208,2923,1132
679111216690831360,5861,2529
679062614270468097,16652,7902
679047485189439488,2207,650
679001094530465792,2780,1195
678991772295516161,2257,1132
678969228704284672,1612,447
678800283649069056,2523,877
678798276842360832,3396,1135
678774928607469569,2761,883
678767140346941444,3463,1328
678764513869611008,1605,462
678755239630127104,6969,3202
678740035362037760,3685,1637
678708137298427904,5496,2371
678675843183484930,2802,1425
678643457146150913,2008,392
678446151570427904,3922,1504
678424312106393600,5372,2480
678410210315247616,4126,1765
678399652199309312,77738,31008
678396796259975168,1562,405
678389028614488064,1828,411
678380236862578688,2387,888
678341075375947776,1698,524
678334497360859136,1283,247
678278586130948096,11213,5944
678255464182861824,1555,356
678023323247357953,1873,374
678021115718029313,13339,6180
677961670166224897,3344,1643
677918531514703872,1313,397
677895101218201600,4720,2014
677716515794329600,2991,958
677700003327029250,3319,1412
677698403548192770,1205,311
677687604918272002,2436,827
677673981332312066,3262,1461
677662372920729601,1909,928
677644091929329666,1814,779
677573743309385728,2083,684
677565715327688705,1273,452
677557565589463040,2392,1122
677547928504967168,6790,3586
677530072887205888,1041,222
677335745548390400,2977,1724
677334615166730240,1317,277
677331501395156992,1062,231
677328882937298944,3558,1461
677314812125323265,1605,520
677301033169788928,1205,391
677269281705472000,1933,688
677228873407442944,3465,1595
677187300187611136,2678,892
676975532580409345,2707,1039
676957860086095872,2183,791
676949632774234114,1272,384
676948236477857792,2106,843
676946864479084545,1692,359
676942428000112642,2021,727
676936541936185344,12403,4790
676916996760600576,2903,1761
676897532954456065,2192,707
676864501615042560,2044,688
676821958043033607,22332,15106
676819651066732545,1774,647
676811746707918848,1388,412
676776431406465024,4871,1967
676617503762681856,2812,927
676613908052996102,1053,195
676606785097199616,1840,418
676603393314578432,1131,372
676593408224403456,4438,2096
676590572941893632,893,117
676588346097852417,2251,757
676582956622721024,1159,265
676575501977128964,2509,1081
676533798876651520,1826,535
676496375194980353,1479,517
676470639084101634,11290,4521
676440007570247681,1677,641
676430933382295552,1360,330
676263575653122048,2026,525
676237365392908289,1172,278
676219687039057920,74338,30068
676215927814406144,1685,556
676191832485810177,2218,1000
676146341966438401,1866,640
676121918416756736,2100,1123
676101918813499392,2746,1131
676098748976615425,2912,1372
676089483918516224,1272,423
675898130735476737,1563,555
675891555769696257,2059,825
675888385639251968,2303,925
675878199931371520,4060,1355
675870721063669760,1572,548
675853064436391936,2609,1248
675849018447167488,915,138
675845657354215424,2199,847
675822767435051008,1476,518
675820929667219457,1015,227
675798442703122432,9939,3301
675781562965868544,1578,450
675740360753160193,1131,329
675710890956750848,1822,786
675707330206547968,1906,658
675706639471788032,625,90
675534494439489536,1774,396
675531475945709568,1146,368
675522403582218240,1007,276
675517828909424640,1246,450
675501075957489664,16611,5624
675497103322386432,3030,1241
675489971617296384,1251,572
675483430902214656,1786,942
675432746517426176,1466,549
675372240448454658,1625,499
675362609739206656,1020,221
675354435921575936,31438,16164
675349384339542016,3787,2187
675334060156301312,2670,1238
675166823650848770,3448,1527
675153376133427200,6020,2474
675149409102012420,3626,1619
675147105808306176,909,221
675146535592706048,1140,285
675145476954566656,2058,855
675135153782571009,1263,462
675113801096802304,1877,756
675111688094527488,924,241
675109292475830276,2698,1091
675047298674663426,1030,307
675015141583413248,2606,1134
675006312288268288,943,211
675003128568291329,1504,446
674999807681908736,2161,1063
674805413498527744,831,342
674800520222154752,2906,818
674793399141146624,2415,1044
674790488185167872,1063,241
674788554665512960,784,203
674781762103414784,1936,1146
674774481756377088,1070,452
674767892831932416,1754,749
674764817387900928,765,229
674754018082705410,1319,424
674752233200820224,1414,446
674743008475090944,1350,526
674742531037511680,466,49
674739953134403584,1060,372
674737130913071104,622,84
674690135443775488,1104,453
674670581682434048,1551,618
674664755118911488,883,238
674646392044941312,1378,469
674644256330530816,997,259
674638615994089473,1628,558
674632714662858753,1448,550
674606911342424069,902,93
674468880899788800,5985,1939
674447403907457024,1027,345
674436901579923456,1071,369
674422304705744896,1376,519
674416750885273600,665,131
674410619106390016,1155,441
674394782723014656,1460,549
674372068062928900,821,302
674330906434379776,543,72
674318007229923329,1357,499
674307341513269249,10925,6650
674291837063053312,14123,5601
674271431610523648,1506,699
674269164442398721,878,220
674265582246694913,1578,805
674262580978937856,1257,431
674255168825880576,1402,519
674082852460433408,732,161
674075285688614912,953,271
674063288070742018,6118,2093
674053186244734976,3161,1234
674051556661161984,1396,468
674045139690631169,1347,612
674042553264685056,690,121
674038233588723717,1063,401
674036086168010753,820,195
674024893172875264,1706,1169
674019345211760640,1082,289
674014384960745472,1498,608
674008982932058114,1147,338
673956914389192708,1876,910
673919437611909120,1123,353
673906403526995968,3044,1554
673887867907739649,903,242
673716320723169284,2960,715
673715861853720576,3401,1966
673711475735838725,995,284
673709992831262724,800,257
673708611235921920,1031,273
673707060090052608,1056,372
673705679337693185,1208,390
673700254269775872,1372,539
673697980713705472,3797,1872
673689733134946305,1668,614
673688752737402881,1210,471
673686845050527744,1375,411
673680198160809984,1312,439
673662677122719744,1201,349
673656262056419329,692,223
673636718965334016,1055,342
673612854080196609,1532,683
673583129559498752,1144,340
673580926094458881,794,263
673576835670777856,1330,536
673363615379013632,981,289
673359818736984064,1386,641
673355879178194945,1437,543
673352124999274496,1590,513
673350198937153538,718,198
673345638550134785,2408,1199
673343217010679808,925,258
673342308415348736,1215,544
673320132811366400,12872,7480
673317986296586240,840,244
673295268553605120,7201,3015
673270968295534593,1031,346
673240798075449344,1366,682
673213039743795200,2147,797
673148804208660480,1625,593
672997845381865473,1887,676
672995267319328768,910,273
672988786805112832,945,272
672984142909456390,1204,516
672980819271634944,1744,960
672975131468300288,1599,857
672970152493887488,911,339
672968025906282496,1269,516
672964561327235073,1366,614
672902681409806336,1309,467
672898206762672129,863,402
672884426393653248,1480,801
672877615439593473,991,332
672834301050937345,1252,537
672828477930868736,1200,463
672640509974827008,938,300
672622327801233409,1239,462
672614745925664768,1173,552
672609152938721280,1065,372
672604026190569472,1062,380
672594978741354496,1278,584
672591762242805761,913,319
672591271085670400,693,177
672538107540070400,988,343
672523490734551040,602,160
672488522314567680,1062,411
672482722825261057,1079,567
672481316919734272,688,122
672475084225949696,1387,663
672466075045466113,1297,504
672272411274932228,6167,3190
672267570918129665,1422,587
672264251789176834,1088,320
672256522047614977,2701,1460
672254177670729728,1375,705
672248013293752320,1660,568
672245253877968896,654,146
672239279297454080,859,306
672231046314901505,1747,955
672222792075620352,752,202
672205392827572224,2160,1093
672169685991993344,975,349
672160042234327040,838,339
672139350159835138,1661,656
672125275208069120,2283,1082
672095186491711488,954,351
672082170312290304,903,346
672068090318987265,1237,486
671896809300709376,8127,3969
671891728106971137,1258,542
671882082306625538,3305,1318
671879137494245376,1349,632
671874878652489728,1196,522
671866342182637568,1072,466
671855973984772097,862,414
671789708968640512,6742,3285
671768281401958400,1146,467
671763349865160704,1594,852
671744970634719232,1295,718
671743150407421952,720,226
671735591348891648,1379,717
671729906628341761,8110,4123
671561002136281088,12199,6859
671550332464455680,868,199
671547767500775424,1289,557
671544874165002241,1873,998
671542985629241344,1042,534
671538301157904385,887,368
671536543010570240,1113,384
671533943490011136,977,548
671528761649688577,803,245
671520732782923777,1333,500
671518598289059840,905,283
671511350426865664,1521,668
671504605491109889,6671,3362
671497587707535361,882,424
671488513339211776,955,453
671486386088865792,552,184
671485057807351808,726,221
671390180817915904,1377,708
671362598324076544,1057,285
671357843010908160,382,146
671355857343524864,464,113
671347597085433856,915,406
671186162933985280,699,197
671182547775299584,1070,319
671166507850801152,833,326
671163268581498880,1565,1036
671159727754231808,349,75
671154572044468225,679,206
671151324042559489,638,143
671147085991960577,637,202
671141549288370177,1097,620
671138694582165504,877,376
671134062904504320,711,181
671122204919246848,3320,2371
671115716440031232,1301,736
671109016219725825,1094,412
670995969505435648,1060,279
670842764863651840,23557,8230
670840546554966016,559,183
670838202509447168,1058,654
670833812859932673,418,115
670832455012716544,698,206
670826280409919488,5265,3849
670823764196741120,739,176
670822709593571328,580,91
670815497391357952,3028,1457
670811965569282048,1074,256
670807719151067136,1113,464
670804601705242624,1867,908
670803562457407488,327,84
670797304698376195,705,223
670792680469889025,785,259
670789397210615808,631,224
670786190031921152,570,192
670783437142401025,788,365
670782429121134593,1477,729
670780561024270336,759,273
670778058496974848,317,70
670764103623966721,1035,399
670755717859713024,422,101
670733412878163972,915,484
670727704916926465,795,338
670717338665226240,1136,457
670704688707301377,735,352
670691627984359425,561,231
670679630144274432,716,268
670676092097810432,234,39
670668383499735048,10190,4738
670474236058800128,1443,702
670468609693655041,340,82
670465786746662913,928,513
670452855871037440,525,193
670449342516494336,1151,617
670444955656130560,6420,1881
670442337873600512,620,189
670435821946826752,1010,486
670434127938719744,1343,613
670433248821026816,316,106
670428280563085312,1324,585
670427002554466305,498,150
670421925039075328,1249,601
670420569653809152,591,298
670417414769758208,545,305
670411370698022913,1929,842
670408998013820928,532,207
670403879788544000,408,144
670385711116361728,541,191
670374371102445568,717,252
670361874861563904,315,61
670338931251150849,407,101
670319130621435904,3720,1153
670303360680108032,415,123
670290420111441920,664,268
670093938074779648,983,316
670086499208155136,667,240
670079681849372674,2117,1158
670073503555706880,1484,745
670069087419133954,594,225
670061506722140161,728,313
670055038660800512,637,308
670046952931721218,618,162
670040295598354432,718,105
670037189829525505,568,258
670003130994700288,316,85
669993076832759809,311,79
669972011175813120,421,148
669970042633789440,288,54
669942763794931712,483,150
669926384437997569,360,92
669923323644657664,224,53
669753178989142016,770,374
669749430875258880,251,63
669684865554620416,492,86
669683899023405056,369,102
669682095984410625,339,128
669680153564442624,638,268
669661792646373376,773,410
669625907762618368,3357,1707
669603084620980224,909,341
669597912108789760,489,142
669583744538451968,1423,872
669573570759163904,418,130
669571471778410496,1518,959
669567591774625800,225,52
669564461267722241,372,116
669393256313184256,344,69
669375718304980992,1266,686
669371483794317312,473,168
669367896104181761,439,141
669363888236994561,597,215
669359674819481600,355,113
669354382627049472,2566,1210
669353438988365824,601,245
669351434509529089,412,169
669328503091937280,971,394
669327207240699904,550,114
669324657376567296,478,196
669216679721873412,1144,384
669214165781868544,419,150
669203728096960512,960,441
669037058363662336,627,295
669015743032369152,712,352
669006782128353280,554,230
669000397445533696,19952,6025
668994913074286592,422,210
668992363537309700,715,320
668989615043424256,643,312
668988183816871936,867,437
668986018524233728,527,155
668981893510119424,516,284
668979806671884288,761,329
668975677807423489,1244,551
668967877119254528,140,21
668960084974809088,672,230
668955713004314625,263,67
668932921458302977,250,54
668902994700836864,303,94
668892474547511297,382,140
668872652652679168,504,285
668852170888998912,431,151
668826086256599040,416,125
668815180734689280,536,248
668779399630725120,677,349
668655139528511488,498,206
668645506898350081,833,502
668643542311546881,835,500
668641109086707712,1021,510
668636665813057536,991,465
668633411083464705,2671,1513
668631377374486528,677,301
668627278264475648,300,108
668625577880875008,364,121
668623201287675904,1357,708
668620235289837568,189,38
668614819948453888,587,300
668587383441514497,1585,1011
668567822092664832,229,49
668544745690562560,489,213
668542336805281792,432,200
668537837512433665,242,67
668528771708952576,441,210
668507509523615744,311,98
668496999348633600,391,124
668484198282485761,408,220
668480044826800133,437,139
668466899341221888,852,482
668297328638447616,599,279
668291999406125056,231,29
668286279830867968,481,129
668274247790391296,784,222
668268907921326080,531,222
668256321989451776,1232,567
668248472370458624,922,453
668237644992782336,5891,2676
668226093875376128,283,96
668221241640230912,494,186
668204964695683073,532,184
668190681446379520,616,190
668171859951755264,464,183
668154635664932864,473,294
668142349051129856,550,264
668113020489474048,638,222
667937095915278337,1191,753
667924896115245057,280,107
667915453470232577,199,53
667911425562669056,470,280
667902449697558528,819,359
667886921285246976,1782,1013
667885044254572545,781,446
667878741721415682,375,111
667873844930215936,596,383
667866724293877760,2882,976
667861340749471744,231,74
667832474953625600,284,59
667806454573760512,1009,461
667801013445750784,314,92
667793409583771648,671,311
667782464991965184,395,232
667773195014021121,223,52
667766675769573376,420,204
667728196545200128,363,143
667724302356258817,459,303
667550904950915073,0,32
667550882905632768,0,32
667549055577362432,5494,2121
667546741521195010,325,115
667544320556335104,817,494
667538891197542400,195,61
667534815156183040,781,494
667530908589760512,446,224
667524857454854144,1615,1054
667517642048163840,351,181
667509364010450944,6460,2007
667502640335572993,514,211
667495797102141441,497,249
667491009379606528,501,211
667470559035432960,243,90
667455448082227200,182,56
667453023279554560,297,84
667443425659232256,745,542
667437278097252352,428,223
667435689202614272,295,79
667405339315146752,446,211
667393430834667520,185,52
667369227918143488,349,153
667211855547486208,463,224
667200525029539841,583,245
667192066997374976,365,92
667188689915760640,709,375
667182792070062081,13562,5782
667177989038297088,183,51
667176164155375616,581,429
667174963120574464,234,73
667171260800061440,210,77
667165590075940865,2545,1054
667160273090932737,242,59
667152164079423490,45219,15873
667138269671505920,4339,2049
667119796878725120,317,122
667090893657276420,317,117
667073648344346624,379,112
667070482143944705,79,13
667065535570550784,160,41
667062181243039745,209,49
667044094246576128,175,46
667012601033924608,425,210
666996132027977728,229,84
666983947667116034,2413,913
666837028449972224,763,516
666835007768551424,201,75
666826780179869698,242,87
666817836334096384,484,236
666804364988780544,219,85
666786068205871104,711,454
666781792255496192,363,177
666776908487630848,328,161
666739327293083650,223,61
666701168228331520,407,203
666691418707132416,175,45
666649482315059201,1055,577
666644823164719104,220,76
666454714377183233,486,199
666447344410484738,98,18
666437273139982337,115,42
666435652385423360,157,47
666430724426358785,293,177
666428276349472768,153,76
666421158376562688,296,105
666418789513326592,114,42
666411507551481857,408,295
666407126856765440,100,32
666396247373291520,156,75
666373753744588802,172,82
666362758909284353,718,516
666353288456101888,196,64
666345417576210432,273,128
666337882303524864,180,83
666293911632134144,462,317
666287406224695296,135,60
666273097616637952,160,70
666268910803644416,96,32
666104133288665088,13544,5930
666102155909144576,70,11
666099513787052032,142,58
666094000022159362,153,66
666082916733198337,102,41
666073100786774016,294,145
666071193221509120,135,52
666063827256086533,446,194
666058600524156928,105,53
666057090499244032,267,124
666055525042405380,406,219
666051853826850816,1119,769
666050758794694657,124,51
666049248165822465,96,40
666044226329800704,269,130
666033412701032449,111,41
666029285002620928,120,42
666020888022790149,2394,459
